<?xml version="1.0" encoding="utf-8"?>
<vector xmlns:android="http://schemas.android.com/apk/res/android"
    android:width="256dp"
    android:height="257dp"
    android:viewportWidth="256"
    android:viewportHeight="257">

    <path
        android:fillColor="#4695EB"
        android:pathData="M213.554,0 C236.972,0.0808857,255.931,19.0523,255.997,42.4699 L255.997,42.4699
L255.997,213.554 C255.931,236.982,236.955,255.958,213.528,256.024
L213.528,256.024 L188.088,256.024 L176.427,227.706 L213.554,227.706
C221.328,227.605,227.605,221.328,227.706,213.554 L227.706,213.554
L227.706,42.4699 C227.605,34.696,221.328,28.4187,213.554,28.3177
L213.554,28.3177 L42.4699,28.3177 C34.696,28.4187,28.4187,34.696,28.3177,42.4699
L28.3177,42.4699 L28.3177,213.554
C28.4187,221.328,34.696,227.605,42.4699,227.706 L42.4699,227.706
L105.077,227.706 L128.012,179.212 L159.637,256.024 L42.4699,256.024
C19.0419,255.958,0.0661915,236.982,0,213.554 L0,213.554 L0,42.4699
C0.0661915,19.0419,19.0419,0.0661915,42.4699,0 L42.4699,0 L213.554,0 Z
M169.571,139.727 L169.571,185.237 L130.154,162.489 L169.571,139.727 Z
M86.4527,94.2183 L86.4527,139.727 L47.0355,116.966 L86.4527,94.2183 Z
M167.429,44.987 L167.429,90.4961 L128.012,67.7349 L167.429,44.987 Z" />
    <path
        android:fillColor="#FF004A"
        android:pathData="M86.4527,139.727 L125.87,162.489 L86.4527,185.237 L86.4527,139.727 Z
M169.571,94.2183 L208.989,116.966 L169.571,139.727 L169.571,94.2183 Z
M88.5949,44.987 L128.012,67.7349 L88.5949,90.4961 L88.5949,44.987 Z" />
    <path
        android:fillColor="#091313"
        android:pathData="M86.4527,94.2183 L125.87,116.966 L125.87,162.489 L86.4527,139.727
L86.4527,94.2183 Z M169.571,94.2183 L169.571,139.727 L130.154,162.489
L130.154,116.966 L169.571,94.2183 Z M128.012,67.7349 L167.429,90.4961
L128.012,113.257 L88.5949,90.4961 L128.012,67.7349 Z" />
</vector>